0.0103
0.0131
0.0162
0.0182
0.0247
0.0264
0.0281
0.0298
0.0312
0.0320
0.0464
0.0549
0.0557
0.0641
0.0645
0.0788
0.0801
0.0802
0.0820
0.0825
0.1052
0.1064
0.1076
0.1078
0.1141
0.1201
0.1207
0.1237
0.1291
0.1295
0.1323
0.1473
0.1498
0.1526
0.1604
0.1699
0.1731
0.1813
0.1930
0.1967
0.1971
0.2003
0.2010
0.2047
0.2057
0.2067
0.2156
0.2209
0.2285
0.2299
0.2313
0.2359
0.2453
0.2477
0.2493
0.2507
0.2529
0.2605
0.2779
0.2785
0.2817
0.2821
0.2827
0.2828
0.2836
0.2887
0.2927
0.3035
0.3037
0.3048
0.3092
0.3248
0.3327
0.3376
0.3414
0.3439
0.3481
0.3551
0.3566
0.3609
0.3618
0.3667
0.3739
0.3780
0.3889
0.3936
0.3961
0.4031
0.4111
0.4134
0.4393
0.4400
0.4453
0.4458
0.4505
0.4592
0.4643
0.4790
0.4843
0.4859
0.4940
0.4952
0.4989
0.5076
0.5189
0.5324
0.5375
0.5400
0.5434
0.5449
0.5475
0.5521
0.5605
0.5878
0.5919
0.5926
0.5963
0.5973
0.6031
0.6143
0.6346
0.6363
0.6443
0.6506
0.6537
0.6680
0.6695
0.6722
0.6731
0.6779
0.6804
0.6888
0.6931
0.6999
0.7015
0.7025
0.7095
0.7172
0.7176
0.7180
0.7238
0.7283
0.7378
0.7395
0.7516
0.7528
0.7555
0.7561
0.7622
0.7639
0.7689
0.7702
0.7781
0.7845
0.7886
0.7909
0.7920
0.8007
0.8113
0.8144
0.8232
0.8255
0.8436
0.8504
0.8548
0.8561
0.8582
0.8589
0.8715
0.8739
0.8753
0.8761
0.8858
0.8875
0.8893
0.8899
0.9006
0.9011
0.9066
0.9074
0.9125
0.9139
0.9172
0.9189
0.9290
0.9324
0.9341
0.9421
0.9448
0.9473
0.9513
0.9537
0.9646
0.9735
0.9758
0.9770
0.9788
0.9789
0.9797
0.9850
0.9928
0.9933
